# Calibrator v0.9e
# (by Stefan.Manegold@cwi.nl, http://www.cwi.nl/~manegold/)
000000.8 00000  016 000000048 002083.3 005963 059.6 000.1  008 000000096 001041.7 006129 061.3 000.1
000001.0 00000  016 000000064 001562.5 005642 056.4 000.1  008 000000128 000781.2 005654 056.5 000.1
000001.2 00000  016 000000080 001250.0 005780 057.8 000.1  008 000000160 000625.0 005946 059.5 000.1
000001.5 00000  016 000000096 001041.7 006198 062.0 000.1  008 000000192 000520.8 005642 056.4 000.1
000002.0 00000  016 000000128 000781.2 006209 062.1 000.1  008 000000256 000390.6 006291 062.9 000.1
000002.5 00000  016 000000160 000625.0 006044 060.4 000.1  008 000000320 000312.5 005924 059.2 000.1
000003.0 00000  016 000000192 000520.8 006153 061.5 000.1  008 000000384 000260.4 006195 062.0 000.1
000004.0 00001  016 000000256 000390.6 005835 058.4 000.1  008 000000512 000195.3 005780 057.8 000.1
000005.0 00001  016 000000320 000312.5 006075 060.8 000.1  008 000000640 000156.2 005710 057.1 000.1
000006.0 00001  016 000000384 000260.4 005723 057.2 000.1  008 000000768 000130.2 006110 061.1 000.1
000008.0 00002  016 000000512 000195.3 005893 058.9 000.1  008 000001024 000097.7 005625 056.2 000.1
000010.0 00002  016 000000640 000156.2 005902 059.0 000.1  008 000001280 000078.1 005864 058.6 000.1
000012.0 00003  016 000000768 000130.2 006123 061.2 000.1  008 000001536 000065.1 005573 055.7 000.1
000016.0 00004  016 000001024 000097.7 006220 062.2 000.1  008 000002048 000048.8 005894 058.9 000.1
000020.0 00005  016 000001280 000078.1 006207 062.1 000.1  008 000002560 000039.1 006117 061.2 000.1
000024.0 00006  016 000001536 000065.1 006221 062.2 000.1  008 000003072 000032.6 006324 063.2 000.1
000032.0 00008  016 000002048 000048.8 005917 059.2 000.1  008 000004096 000024.4 006123 061.2 000.1
000040.0 00010  016 000002560 000039.1 006024 060.2 000.1  008 000005120 000019.5 005750 057.5 000.1
000048.0 00012  016 000003072 000032.6 005894 058.9 000.1  008 000006144 000016.3 005834 058.3 000.1
000064.0 00016  016 000004096 000024.4 006006 060.1 000.1  008 000008192 000012.2 006211 062.1 000.1
000080.0 00020  016 000005120 000019.5 005875 058.8 000.1  008 000010240 000009.8 005937 059.4 000.1
000096.0 00024  016 000006144 000016.3 006019 060.2 000.1  008 000012288 000008.1 005579 055.8 000.1
000128.0 00032  016 000008192 000012.2 005865 058.6 000.1  008 000016384 000006.1 006027 060.3 000.1
000160.0 00040  016 000010240 000009.8 006242 062.4 000.1  008 000020480 000004.9 006130 061.3 000.1
000192.0 00048  016 000012288 000008.1 005652 056.5 000.1  008 000024576 000004.1 006211 062.1 000.1
000256.0 00064  016 000016384 000006.1 006237 062.4 000.1  008 000032768 000003.1 005899 059.0 000.1
000320.0 00080  016 000020480 000004.9 006020 060.2 000.1  008 000040960 000002.4 005555 055.5 000.1
000384.0 00096  016 000024576 000004.1 006050 060.5 000.1  008 000049152 000002.0 006018 060.2 000.1
000512.0 00128  016 000032768 000003.1 006011 060.1 000.1  008 000065536 000001.5 006215 062.1 000.1
000640.0 00160  016 000040960 000002.4 005708 057.1 000.1  008 000081920 000001.2 006119 061.2 000.1
000768.0 00192  016 000049152 000002.0 006366 063.7 000.1  008 000098304 000001.0 005856 058.6 000.1
001024.0 00256  016 000065536 000001.5 006120 061.2 000.1  008 000131072 000000.8 006333 063.3 000.1
001280.0 00320  016 000081920 000001.2 006478 064.8 000.1  008 000163840 000000.6 005981 059.8 000.1
001536.0 00384  016 000098304 000001.0 005810 058.1 000.1  008 000196608 000000.5 006216 062.2 000.1
002048.0 00512  016 000131072 000000.8 006032 060.3 000.1  008 000262144 000000.4 005714 057.1 000.1
002560.0 00640  016 000163840 000000.6 006780 067.8 000.1  008 000327680 000000.3 006451 064.5 000.1
003072.0 00768  016 000196608 000000.5 006154 061.5 000.1  008 000393216 000000.3 006299 063.0 000.1
004096.0 01024  016 000262144 000000.4 006227 062.3 000.1  008 000524288 000000.2 006315 063.1 000.1
005120.0 01280  016 000327680 000000.3 006235 062.4 000.1  008 000655360 000000.2 006143 061.4 000.1
006144.0 01536  016 000393216 000000.3 005976 059.8 000.1  008 000786432 000000.1 006125 061.2 000.1
008192.0 02048  016 000524288 000000.2 006265 062.6 000.1  008 001048576 000000.1 005854 058.5 000.1
010240.0 02560  016 000655360 000000.2 006267 062.7 000.1  008 001310720 000000.1 006202 062.0 000.1
012288.0 03072  016 000786432 000000.1 006438 064.4 000.1  008 001572864 000000.1 005980 059.8 000.1
016384.0 04096  016 001048576 000000.1 006301 063.0 000.1  008 002097152 000000.0 005955 059.5 000.1
020480.0 05120  016 001310720 000000.1 006308 063.1 000.1  008 002621440 000000.0 005929 059.3 000.1
024576.0 06144  016 001572864 000000.1 005993 059.9 000.1  008 003145728 000000.0 006293 062.9 000.1
032768.0 08192  016 002097152 000000.0 006273 062.7 000.1  008 004194304 000000.0 005914 059.1 000.1
040960.0 10240  016 002621440 000000.0 006251 062.5 000.1  008 005242880 000000.0 006568 065.7 000.1
049152.0 12288  016 003145728 000000.0 006279 062.8 000.1  008 006291456 000000.0 005938 059.4 000.1
065536.0 16384  016 004194304 000000.0 005854 058.5 000.1  008 008388608 000000.0 005880 058.8 000.1
081920.0 20480  016 005242880 000000.0 006039 060.4 000.1  008 010485760 000000.0 005875 058.8 000.1
098304.0 24576  016 006291456 000000.0 006222 062.2 000.1  008 012582912 000000.0 006201 062.0 000.1
131072.0 32768  016 008388608 000000.0 006254 062.5 000.1  008 016777216 000000.0 005888 058.9 000.1
163840.0 40960  016 010485760 000000.0 006035 060.4 000.1  008 020971520 000000.0 005918 059.2 000.1
196608.0 49152  016 012582912 000000.0 006020 060.2 000.1  008 025165824 000000.0 006450 064.5 000.1
262144.0 65536  016 016777216 000000.0 006024 060.2 000.1  008 033554432 000000.0 005570 055.7 000.1
327680.0 81920  016 020971520 000000.0 005920 059.2 000.1  008 041943040 000000.0 005897 059.0 000.1
393216.0 98304  016 025165824 000000.0 005906 059.1 000.1  008 050331648 000000.0 005914 059.1 000.1
524288.0 131072  016 033554432 000000.0 005858 058.6 000.1  008 067108864 000000.0 005568 055.7 000.1
655360.0 163840  016 041943040 000000.0 005604 056.0 000.1  008 083886080 000000.0 005899 059.0 000.1
786432.0 196608  016 050331648 000000.0 006061 060.6 000.1  008 100663296 000000.0 005565 055.6 000.1
1048576.0 262144  016 067108864 000000.0 006294 062.9 000.1  008 134217728 000000.0 006111 061.1 000.1
1310720.0 327680  016 083886080 000000.0 005643 056.4 000.1  008 167772160 000000.0 005814 058.1 000.1
