# Calibrator v0.9e
# (by Stefan.Manegold@cwi.nl, http://www.cwi.nl/~manegold/)
000000.8 00000  016 000000048 002083.3 000295 003.0 000.0  008 000000096 001041.7 000280 002.8 000.0
000001.0 00000  016 000000064 001562.5 000285 002.9 000.0  008 000000128 000781.2 000275 002.8 000.0
000001.2 00000  016 000000080 001250.0 000281 002.8 000.0  008 000000160 000625.0 000277 002.8 000.0
000001.5 00000  016 000000096 001041.7 000283 002.8 000.0  008 000000192 000520.8 000295 003.0 000.0
000002.0 00000  016 000000128 000781.2 000281 002.8 000.0  008 000000256 000390.6 000284 002.8 000.0
000002.5 00000  016 000000160 000625.0 000295 003.0 000.0  008 000000320 000312.5 000275 002.8 000.0
000003.0 00000  016 000000192 000520.8 000264 002.6 000.0  008 000000384 000260.4 000295 003.0 000.0
000004.0 00001  016 000000256 000390.6 000290 002.9 000.0  008 000000512 000195.3 000305 003.0 000.0
000005.0 00001  016 000000320 000312.5 000281 002.8 000.0  008 000000640 000156.2 000288 002.9 000.0
000006.0 00001  016 000000384 000260.4 000293 002.9 000.0  008 000000768 000130.2 000277 002.8 000.0
000008.0 00002  016 000000512 000195.3 000296 003.0 000.0  008 000001024 000097.7 000280 002.8 000.0
000010.0 00002  016 000000640 000156.2 000295 003.0 000.0  008 000001280 000078.1 000279 002.8 000.0
000012.0 00003  016 000000768 000130.2 000295 003.0 000.0  008 000001536 000065.1 000266 002.7 000.0
000016.0 00004  016 000001024 000097.7 000282 002.8 000.0  008 000002048 000048.8 000286 002.9 000.0
000020.0 00005  016 000001280 000078.1 000287 002.9 000.0  008 000002560 000039.1 000280 002.8 000.0
000024.0 00006  016 000001536 000065.1 000273 002.7 000.0  008 000003072 000032.6 000268 002.7 000.0
000032.0 00008  016 000002048 000048.8 000278 002.8 000.0  008 000004096 000024.4 000281 002.8 000.0
000040.0 00010  016 000002560 000039.1 000290 002.9 000.0  008 000005120 000019.5 000296 003.0 000.0
000048.0 00012  016 000003072 000032.6 000294 002.9 000.0  008 000006144 000016.3 000286 002.9 000.0
000064.0 00016  016 000004096 000024.4 000302 003.0 000.0  008 000008192 000012.2 000275 002.8 000.0
000080.0 00020  016 000005120 000019.5 000282 002.8 000.0  008 000010240 000009.8 000298 003.0 000.0
000096.0 00024  016 000006144 000016.3 000304 003.0 000.0  008 000012288 000008.1 000296 003.0 000.0
000128.0 00032  016 000008192 000012.2 000271 002.7 000.0  008 000016384 000006.1 000284 002.8 000.0
000160.0 00040  016 000010240 000009.8 000299 003.0 000.0  008 000020480 000004.9 000282 002.8 000.0
000192.0 00048  016 000012288 000008.1 000288 002.9 000.0  008 000024576 000004.1 000296 003.0 000.0
000256.0 00064  016 000016384 000006.1 000296 003.0 000.0  008 000032768 000003.1 000283 002.8 000.0
000320.0 00080  016 000020480 000004.9 000286 002.9 000.0  008 000040960 000002.4 000297 003.0 000.0
000384.0 00096  016 000024576 000004.1 000299 003.0 000.0  008 000049152 000002.0 000286 002.9 000.0
000512.0 00128  016 000032768 000003.1 000301 003.0 000.0  008 000065536 000001.5 000297 003.0 000.0
000640.0 00160  016 000040960 000002.4 000287 002.9 000.0  008 000081920 000001.2 000296 003.0 000.0
000768.0 00192  016 000049152 000002.0 000303 003.0 000.0  008 000098304 000001.0 000289 002.9 000.0
001024.0 00256  016 000065536 000001.5 000272 002.7 000.0  008 000131072 000000.8 000296 003.0 000.0
001280.0 00320  016 000081920 000001.2 000294 002.9 000.0  008 000163840 000000.6 000296 003.0 000.0
001536.0 00384  016 000098304 000001.0 000303 003.0 000.0  008 000196608 000000.5 000269 002.7 000.0
002048.0 00512  016 000131072 000000.8 000312 003.1 000.0  008 000262144 000000.4 000295 003.0 000.0
002560.0 00640  016 000163840 000000.6 000297 003.0 000.0  008 000327680 000000.3 000302 003.0 000.0
003072.0 00768  016 000196608 000000.5 000299 003.0 000.0  008 000393216 000000.3 000303 003.0 000.0
004096.0 01024  016 000262144 000000.4 000300 003.0 000.0  008 000524288 000000.2 000283 002.8 000.0
005120.0 01280  016 000327680 000000.3 000286 002.9 000.0  008 000655360 000000.2 000291 002.9 000.0
006144.0 01536  016 000393216 000000.3 000308 003.1 000.0  008 000786432 000000.1 000304 003.0 000.0
008192.0 02048  016 000524288 000000.2 000308 003.1 000.0  008 001048576 000000.1 000302 003.0 000.0
010240.0 02560  016 000655360 000000.2 000321 003.2 000.0  008 001310720 000000.1 000298 003.0 000.0
012288.0 03072  016 000786432 000000.1 000314 003.1 000.0  008 001572864 000000.1 000291 002.9 000.0
016384.0 04096  016 001048576 000000.1 000319 003.2 000.0  008 002097152 000000.0 000315 003.1 000.0
020480.0 05120  016 001310720 000000.1 000317 003.2 000.0  008 002621440 000000.0 000305 003.0 000.0
024576.0 06144  016 001572864 000000.1 000317 003.2 000.0  008 003145728 000000.0 000312 003.1 000.0
032768.0 08192  016 002097152 000000.0 000321 003.2 000.0  008 004194304 000000.0 000311 003.1 000.0
040960.0 10240  016 002621440 000000.0 000317 003.2 000.0  008 005242880 000000.0 000315 003.1 000.0
049152.0 12288  016 003145728 000000.0 000324 003.2 000.0  008 006291456 000000.0 000291 002.9 000.0
065536.0 16384  016 004194304 000000.0 000315 003.1 000.0  008 008388608 000000.0 000304 003.0 000.0
081920.0 20480  016 005242880 000000.0 000302 003.0 000.0  008 010485760 000000.0 000309 003.1 000.0
098304.0 24576  016 006291456 000000.0 000315 003.1 000.0  008 012582912 000000.0 000307 003.1 000.0
131072.0 32768  016 008388608 000000.0 000308 003.1 000.0  008 016777216 000000.0 000307 003.1 000.0
163840.0 40960  016 010485760 000000.0 000323 003.2 000.0  008 020971520 000000.0 000292 002.9 000.0
196608.0 49152  016 012582912 000000.0 000308 003.1 000.0  008 025165824 000000.0 000295 003.0 000.0
262144.0 65536  016 016777216 000000.0 000306 003.1 000.0  008 033554432 000000.0 000309 003.1 000.0
327680.0 81920  016 020971520 000000.0 000304 003.0 000.0  008 041943040 000000.0 000295 003.0 000.0
393216.0 98304  016 025165824 000000.0 000317 003.2 000.0  008 050331648 000000.0 000290 002.9 000.0
524288.0 131072  016 033554432 000000.0 000303 003.0 000.0  008 067108864 000000.0 000280 002.8 000.0
655360.0 163840  016 041943040 000000.0 000309 003.1 000.0  008 083886080 000000.0 000302 003.0 000.0
786432.0 196608  016 050331648 000000.0 000313 003.1 000.0  008 100663296 000000.0 000308 003.1 000.0
1048576.0 262144  016 067108864 000000.0 000317 003.2 000.0  008 134217728 000000.0 000299 003.0 000.0
1310720.0 327680  016 083886080 000000.0 000303 003.0 000.0  008 167772160 000000.0 000294 002.9 000.0
